17
95
21
44
37
65
47
79
63
21
66
31
38
56
75
99
59
39
55
88
56
39
88
55
52
73
55
69
78
27
77
22
55
62
44
67
69
55
35
44
99
44
62
33
57
91
11
43
57
11
81
58
91
87
69
34
24
33
43
17
44
22
27
75
22
42
22
22
74
37
11
15
33
79
22
74
36
76
33
25
88
22
22
88
31
71
92
15
36
66
44
98
77
99
77
18
48
58
77
18
41
22
89
64
11
33
11
16
83
66
88
11
41
81
25
96
88
94
65
86
44
77
98
77
22
96
66
99
22
57
99
14
34
33
77
44
51
38
38
16
31
99
11
14
69
21
98
99
91
53
53
92
66
49
34
86
56
88
92
22
11
86
88
33
63
69
22
22
36
66
51
88
22
87
22
25
85
93
71
66
97
66
82
66
96
86
21
41
21
11
77
39
99
22
88
58
45
66
11
13
11
66
95
62
38
35
55
42
33
35
55
88
33
44
11
22
77
59
12
75
22
78
35
11
23
67
88
31
33
17
88
23
79
11
66
63
88
51
49
28
99
77
66
39
62
84
74
11
37
43
44
99
33
77
33
75
42
15
24
13
29
49
82
18
66
23
54
77
28
27
68
18
26
88
64
46
11
29
77
18
18
77
37
58
63
77
52
25
46
45
73
44
22
91
37
34
77
45
88
46
62
99
66
99
28
39
77
45
99
92
47
41
57
33
48
67
32
65
77
11
74
77
84
77
47
14
33
44
11
56
69
68
91
26
65
54
72
22
99
98
76
88
77
55
68
56
44
57
61
87
66
55
53
79
88
99
72
11
11
45
23
53
52
33
29
25
11
55
88
95
55
61
34
58
26
52
24
32
22
68
11
77
51
12
15
77
61
22
51
22
83
23
11
84
66
36
87
21
77
11
43
55
81
57
61
98
57
99
38
25
33
55
54
44
94
45
26
12
66
28
52
14
11
75
38
55
78
22
32
53
43
53
26
41
77
84
92
75
77
69
44
19
55
88
99
54
13
51
11
55
88
55
77
78
25
82
66
11
72
44
28
16
19
14
57
88
93
33
36
77
91
86
75
11
44
44
66
28
39
53
66
99
11
55
78
58
24
33
83
18
88
64
11
89
55
52
64
63
91
41
94
11
87
77
65
38
18
36
59
53
44
69
57
36
32
99
96
81
46
33
99
89
55
94
25
25
57
38
25
54
81
11
77
66
66
13
11
43
88
55
22
88
66
57
97
11
51
58
79
48
11
66
78
44
12
66
68
11
76
77
18
99
34
68
88
51
81
64
49
38
67
11
53
88
66
55
77
83
85
44
77
77
22
52
38
15
36
82
93
12
19
67
95
88
67
22
31
72
87
53
55
87
59
17
98
77
68
88
73
75
33
77
11
35
81
99
99
11
55
79
11
44
77
69
24
18
33
88
66
25
23
77
21
88
91
57
99
88
22
99
43
58
51
52
77
19
59
98
88
22
55
22
41
35
76
66
82
82
88
11
13
42
18
75
99
78
93
95
18
66
58
61
11
66
11
44
55
99
12
87
62
97
77
29
68
79
48
66
23
99
35
55
99
72
89
61
84
52
27
99
32
81
66
66
87
77
86
77
17
37
44
78
13
36
99
26
22
31
66
35
33
89
43
31
55
11
17
33
16
55
99
16
94
94
19
25
44
77
47
91
11
46
49
37
87
11
83
77
33
65
99
68
77
83
33
82
14
25
42
56
11
26
88
44
99
44
66
38
96
54
66
74
33
58
69
18
86
44
94
77
44
45
77
66
44
45
67
44
74
44
87
37
36
63
45
77
99
55
66
22
88
51
81
78
99
62
49
55
96
66
76
59
44
24
15
24
55
55
57
44
72
22
88
22
16
17
77
22
55
83
55
17
11
77
64
33
49
74
33
44
15
76
74
39
33
16
74
94
74
25
27
44
36
86
77
46
96
78
33
52
26
67
33
77
55
49
44
33
77
78
77
11
17
22
33
18
15
46
92
26
52
96
64
77
68
83
88
51
91
11
22
58
33
26
49
66
44
26
99
41
83
33
52
59
11
55
11
45
33
14
33
55
77
93
48
55
77
32
74
33
55
11
44
99
55
43
22
22
33
89
99
32
33
41
81
66
52
37
42
33
38
11
42
99
69
73
22
38
18
66
68
33
88
41
33
22
98
19
22
82
33
37
22
66
45
54
87
47
22
88
44
41
88
77
59
88
38
72
41
55
66
58
21
46
22
61
21
88
67
26
77
78
15
54
24
97
76
84
77
83
